Testing
[(-60,-12),(-58,-1),(1,-66),(28,-50),(50,13),(59,62),(-36,86),(-64,28)]
[(-26,24),(-104,-15),(-46,-72),(-1,-45),(15,-82),(46,-38),(109,5),(41,55),(-15,104),(-68,46)]
[(-68,46),(-58,-23),(3,-139),(57,-95),(67,-8),(34,26),(7,68),(-39,58)]
[(-39,58),(-73,5),(-46,-30),(4,-39),(13,-17),(32,-4),(13,27),(11,73)]
[(-29,57),(-33,4),(-21,-53),(12,-36),(13,-12),(50,-2),(33,42)]
[(-15,60),(-40,4),(-27,-28),(1,-26),(25,-49),(39,-1),(19,44)]
[(19,45),(-47,42),(-49,-4),(-26,-29),(-39,-45),(2,-74),(38,-52),(33,-3),(76,31),(48,68)]
[(-14,57),(-19,31),(-45,23),(-45,-5),(-16,-47),(5,-53),(14,-13),(39,-13),(49,18)]
[(25,57),(-31,27),(-40,-15),(-32,-71),(2,-71),(47,-36),(33,-20),(69,22)]
[(-60,-52),(34,-69),(78,6),(40,46),(-12,53),(-80,21),(-83,-22)]
[(-30,-23),(11,-50),(59,-9),(19,34),(-35,43),(-77,6),(-71,-27)]
[(-34,-29),(1,-52),(59,-32),(49,17),(7,49),(-80,27),(-86,-25),(78,11),(-17,29),(-49,55),(-49,55),(-49,55),(-49,55),(-49,55),(-49,55),(-49,55),(-36,-45),(21,-93),(67,-85),(65,56),(41,81),(-67,18),(-51,-36),(-8,-65),(87,-26),(65,73),(-63,64),(-84,-56),(-31,-87),(93,-25),(40,69),(-105,-17),(15,-89),(70,10),(-68,-11),(-7,-40),(-23,42),(2,-76),(23,15)]
